%YAML:1.0
---
LeftROIs: [ 356, 93, 21, 23, 353, 85, 25, 29, 359, 81, 25, 32, 354, 82,
    32, 26, 353, 73, 34, 34, 354, 69, 36, 35, 359, 68, 33, 33, 356, 56,
    35, 38, 359, 56, 39, 40, 359, 50, 34, 40, 361, 51, 37, 42, 362, 48,
    36, 36, 364, 47, 38, 36, 364, 42, 37, 38, 370, 44, 33, 31, 372, 39,
    32, 38, 372, 37, 36, 41, 376, 36, 37, 40, 378, 34, 34, 38, 384, 33,
    34, 37, 382, 35, 39, 42, 382, 34, 41, 43, 389, 39, 37, 36, 389, 40,
    41, 40, 395, 41, 36, 37, 403, 44, 31, 36, 405, 47, 32, 36, 413, 53,
    30, 36, 418, 61, 32, 35, 423, 69, 34, 33, 428, 73, 39, 37, 437, 84,
    39, 40, 441, 95, 41, 39, 445, 105, 47, 40, 457, 122, 50, 47, 457, 135, 53, 47, 477,
    151, 57, 56, 488, 180, 62, 57, 505, 208, 58, 55, 520, 237, 69, 71,
    540, 273, 70, 80, 561, 318, 69, 84 ]
RightROIs: [ 279, 91, 22, 25, 273, 82, 30, 31, 272, 83, 30, 34, 267, 79,
    34, 27, 268, 74, 33, 30, 269, 71, 29, 31, 267, 64, 36, 30, 265, 56,
    35, 39, 262, 53, 40, 41, 259, 52, 43, 39, 261, 52, 38, 34, 258, 47,
    38, 35, 255, 44, 39, 35, 249, 40, 49, 43, 262, 42, 28, 32, 258, 36,
    34, 39, 256, 36, 41, 35, 257, 36, 33, 39, 255, 35, 33, 34, 253, 37,
    35, 34, 250, 34, 40, 34, 251, 33, 40, 39, 250, 38, 38, 35, 239, 38,
    52, 36, 241, 42, 44, 36, 242, 45, 41, 35, 244, 47, 33, 35, 239, 52,
    39, 36, 239, 62, 35, 33, 235, 64, 37, 35, 226, 73, 47, 40, 228, 80,
    46, 37, 227, 94, 43, 38, 219, 103, 49, 44, 216, 119, 51, 42, 216, 130, 52, 52, 209,
    154, 53, 48, 200, 181, 64, 56, 196, 207, 63, 63, 187, 235, 73, 72,
    183, 273, 71, 83, 185, 321, 66, 84 ]
SavedInts: [ 22, 23, 24, 25, 26, 27, 28, 29, 30, 31, 32, 33, 34, 35, 36,
    37, 38, 39, 40, 41, 42, 43, 44, 45, 46, 47, 48, 49, 50, 51, 52, 53,
    54, 55, 56, 57, 58, 59, 60, 61, 62, 63 ]
