%YAML:1.0
---
LeftRect: [ 189, 22, 338, 393 ]
RightRect: [ 112, 18, 324, 399 ]
