%YAML:1.0
---
Intrinsic: !!opencv-matrix
   rows: 3
   cols: 3
   dt: d
   data: [ 1.7128606522150119e+03, 0., 3.3664241026969961e+02, 0.,
       1.7153884682693133e+03, 2.4909409891247910e+02, 0., 0., 1. ]
Distortion: !!opencv-matrix
   rows: 1
   cols: 5
   dt: d
   data: [ -4.8709504644159701e-01, -6.1876088518721883e-01,
       8.5277818086723503e-04, -3.7220216281279745e-04,
       2.3989793486320586e+01 ]
