%YAML:1.0
---
Rl: !!opencv-matrix
   rows: 3
   cols: 3
   dt: d
   data: [ 9.9997643840283912e-01, 5.2354244953453132e-03,
       4.4399290001415868e-03, -5.2620790392748727e-03,
       9.9996807612235139e-01, 6.0130907483318709e-03,
       -4.4083061777948655e-03, -6.0363123276374834e-03,
       9.9997206449486686e-01 ]
Rr: !!opencv-matrix
   rows: 3
   cols: 3
   dt: d
   data: [ 9.9997186867041477e-01, 4.7003195279465395e-03,
       -5.8454139403392577e-03, -4.7354515506292738e-03,
       9.9997072162767109e-01, -6.0109388656159560e-03,
       5.8169894628021515e-03, 6.0384504444214596e-03,
       9.9996484925712259e-01 ]
Pl: !!opencv-matrix
   rows: 3
   cols: 4
   dt: d
   data: [ 1.6667842063142868e+03, 0., 3.2751244735717773e+02, 0., 0.,
       1.6667842063142868e+03, 2.3877979278564453e+02, 0., 0., 0., 1.,
       0. ]
Pr: !!opencv-matrix
   rows: 3
   cols: 4
   dt: d
   data: [ 1.6667842063142868e+03, 0., 3.2751244735717773e+02,
       -3.3800234540142781e+04, 0., 1.6667842063142868e+03,
       2.3877979278564453e+02, 0., 0., 0., 1., 0. ]
Q: !!opencv-matrix
   rows: 4
   cols: 4
   dt: d
   data: [ 1., 0., 0., -3.2751244735717773e+02, 0., 1., 0.,
       -2.3877979278564453e+02, 0., 0., 0., 1.6667842063142868e+03, 0.,
       0., 4.9312800014293799e-02, 0. ]
