%YAML:1.0
---
Intrinsic: !!opencv-matrix
   rows: 3
   cols: 3
   dt: d
   data: [ 1.1477583114069503e+03, 0., 3.3027835091450180e+02, 0.,
       1.1460515448986034e+03, 2.2235850099847687e+02, 0., 0., 1. ]
Distortion: !!opencv-matrix
   rows: 1
   cols: 5
   dt: d
   data: [ -2.6153558214746725e-01, 1.9252674059614078e-01,
       -1.4877641645933022e-03, -1.3754314227974644e-03,
       -7.6870618706307192e-01 ]
