%YAML:1.0
---
Intrinsic: !!opencv-matrix
   rows: 3
   cols: 3
   dt: d
   data: [ 6.4627814374179661e+02, 0., 3.1847291236724038e+02, 0.,
       6.4002545923703622e+02, 2.9456777794195199e+02, 0., 0., 1. ]
Distortion: !!opencv-matrix
   rows: 1
   cols: 5
   dt: d
   data: [ 1.7426582338230467e-01, -5.0828745621624524e-02,
       2.7434010835049805e-02, 2.2226345039664769e-03,
       -4.1475227522710278e-01 ]
