%YAML:1.0
---
Intrinsic: !!opencv-matrix
   rows: 3
   cols: 3
   dt: d
   data: [ 1.7145333957025846e+03, 0., 3.1501308997115461e+02, 0.,
       1.7190572713511815e+03, 2.2823969508674421e+02, 0., 0., 1. ]
Distortion: !!opencv-matrix
   rows: 1
   cols: 5
   dt: d
   data: [ -5.6162745342179410e-01, 4.4759058758479302e+00,
       3.3867453497914454e-03, 4.2346555801089231e-03,
       -8.6494651668259266e+01 ]
