%YAML:1.0
---
R: !!opencv-matrix
   rows: 3
   cols: 3
   dt: d
   data: [ 9.9994758298583408e-01, 4.6486367403573872e-04,
       1.0228156361385476e-02, -5.8833553165234947e-04,
       9.9992695687983690e-01, 1.2072065537056378e-02,
       -1.0221797400192568e-02, -1.2077450343236810e-02,
       9.9987481719019011e-01 ]
T: !!opencv-matrix
   rows: 3
   cols: 1
   dt: d
   data: [ -2.0278140125496083e+01, -9.5316419399415889e-02,
       1.1853745758994180e-01 ]
E: !!opencv-matrix
   rows: 3
   cols: 3
   dt: d
   data: [ 1.0440449261445101e-03, -1.1737761992199165e-01,
       -9.6735479378836267e-02, -8.8747795805188337e-02,
       -2.4485312666083067e-01, 2.0276814070588369e+01,
       1.0724177354896455e-01, -2.0276614637729296e+01,
       -2.4382412532317674e-01 ]
F: !!opencv-matrix
   rows: 3
   cols: 3
   dt: d
   data: [ -7.0830287721796084e-08, 7.9514194639355477e-06,
       9.2842624923920140e-03, 6.0049998006825512e-06,
       1.6543241995558863e-05, -2.3561927466227148e+00,
       -1.3822382191591272e-02, 2.3487727881235427e+00, 1. ]
